58
6
187
84
7
16
486
129
59
93
152
94
54
145
112
116
148
16
213
2
38
0
32
78
1
50
42
80
245
201
309
44
260
162
263
540
310
253
128
51
75
70
1
299
31
116
101
4
185
73
7
17
74
42
122
77
137
5
9
108
253
4
2
187
188
298
184
162
204
83
23
50
7
24
42
41
239
435
48
139
70
61
246
3
164
97
85
80
112
109
24
90
124
27
58
81
20
33
44
5
188
83
60
249
154
162
29
119
156
103
59
35
10
45
40
239
417
237
62
107
84
113
29
33
247
118
184
10
385
22
17
175
147
94
136
81
53
0
29
23
104
121
70
138
6
182
107
5
136
12
123
38
160
331
91
125
107
58
170
101
103
370
62
53
88
23
362
0
23
25
23
195
267
127
93
605
81
31
4
36
49
142
96
20
128
24
234
48
107
127
1
36
119
66
126
33
117
117
34
232
252
70
143
190
25
46
188
152
101
227
8
2
106
122
24
47
259
12
142
87
184
150
219
77
30
93
174
307
35
12
194
24
96
96
7
185
443
250
97
98
169
123
105
63
53
203
190
41
451
94
259
177
49
168
46
105
54
21
93
127
37
61
280
267
8
0
148
7
262
50
118
135
11
42
24
74
24
6
199
22
112
155
3
6
92
52
126
2
92
38
136
243
153
115
185
199
118
96
269
97
1
98
45
13
363
86
104
21
103
71
50
38
35
56
48
234
181
11
264
57
55
112
43
23
44
21
7
5
167
0
112
176
100
4
305
93
97
91
160
31
11
21
89
53
97
382
37
61
8
28
230
71
251
28
128
32
59
160
40
30
165
0
9
58
5
4
5
112
102
190
288
139
4
76
18
110
71
65
13
90
129
2
11
103
32
175
256
129
98
29
432
56
30
7
210
38
12
266
503
141
152
277
71
175
63
112
68
419
16
97
86
213
105
115
74
271
71
59
108
15
122
104
85
355
128
60
34
182
48
33
90
18
24
11
474
118
151
66
113
277
11
29
170
144
287
42
119
61
157
44
90
69
0
18
63
130
97
142
83
0
4
17
18
30
31
17
314
4
104
100
426
141
223
163
73
180
16
24
34
287
85
220
58
86
6
243
36
114
111
207
116
126
3
195
394
36
1
277
43
110
84
41
55
62
15
291
35
34
17
90
26
134
66
113
38
78
89
98
25
30
69
245
391
76
147
323
182
156
228
21
61
63
74
215
273
110
176
26
325
492
177
21
131
37
207
5
194
62
112
8
130
19
573
123
125
146
110
80
82
84
135
1
3
31
233
366
280
131
23
231
129
4
10
60
43
359
70
23
57
20
34
18
44
34
208
7
6
79
98
96
12
46
101
16
102
78
13
86
32
41
65
0
47
86
61
132
79
330
287
443
15
27
16
70
75
3
87
88
86
23
23
117
86
186
186
24
49
363
159
108
37
32
108
117
193
12
55
51
8
45
49
26
92
79
133
14
86
38
127
17
75
260
189
11
147
118
39
17
110
13
172
398
51
66
111
29
92
10
108
116
62
5
250
7
92
106
22
20
375
256
41
70
189
21
95
97
217
282
151
81
6
92
77
62
9
23
128
118
36
48
48
147
57
35
184
4
315
4
25
271
342
83
57
169
141
5
57
103
533
24
22
6
172
133
74
240
293
28
92
29
100
426
2
7
33
201
12
28
242
41
19
210
239
96
118
110
111
14
37
110
43
71
130
18
28
29
8
21
70
115
59
14
111
64
23
318
41
39
22
29
110
48
14
86
860
175
28
111
321
81
41
37
7
7
66
38
38
83
72
175
28
339
332
256
58
19
213
153
69
8
3
18
62
18
136
62
552
461
14
312
79
65
31
95
79
138
273
203
37
59
119
83
54
107
67
196
179
46
103
40
61
114
70
259
189
28
49
186
27
75
161
154
0
7
51
81
170
41
55
14
155
13
121
23
152
21
6
96
83
123
304
2
49
60
300
27
122
41
8
288
206
217
131
214
310
14
58
148
63
201
239
29
453
94
62
147
163
75
49
46
27
41
50
98
159
42
201
69
117
303
59
82
182
19
59
157
37
217
83
151
139
64
3
135
9
69
72
222
3
233
30
31
28
107
226
4
0
143
78
119
125
478
30
80
18
122
42
65
89
244
29
42
49
34
9
64
159
91
45
175
70
99
9
138
34
465
157
35
139
41
515
62
39
29
2
68
320
45
371
80
32
26
226
110
75
411
15
39
87
71
16
9
15
28
183
56
26
99
131
452
346
129
60
35
392
64
158
280
184
147
